DIST
6
0.0;8.25;13.93;9.22;5.1;12.17
8.25;0.0;11.4;4.12;7.62;11.66
13.93;11.4;0.0;15.52;8.94;3.16
9.22;4.12;15.52;0.0;10.63;15.65
5.1;7.62;8.94;10.63;0.0;7.07
12.17;11.66;3.16;15.65;7.07;0.0    

